 1901 -0.7999999E-01 -0.9000002E-01 -0.1700000     -0.8400000      -1.770000      -2.250000      -2.470000      -2.390000      -2.660000      -3.010000      -2.810000      -2.120000    
 1902  -1.480000      -1.450000      -1.290000      -1.220000      -1.330000      -1.140000      -1.610000      -2.050000      -2.260000      -1.710000      -1.570000      -1.330000    
 1903  -1.170000      -1.250000      -1.500000      -1.780000      -1.150000      -1.170000      -1.600000      -2.210000      -2.090000      -2.220000      -2.510000      -2.840000    
 1904  -2.970000      -2.490000      -2.830000      -3.150000      -3.410000      -3.560000      -3.580000      -3.220000      -3.490000      -3.950000      -3.870000      -3.850000    
 1905  -3.780000      -3.690000      -3.829999      -3.250000      -2.360000      -2.160000      -2.010000      -1.590000      -1.780000      -2.050000      -2.340000      -2.380000    
 1906  -2.300000      -2.320000      -2.100000      -1.990000      -2.100000      -2.200000      -2.650000      -2.410000      -2.360000      -2.860000      -3.000000      -3.240000    
 1907  -3.120000      -3.160000      -3.250000      -3.420000      -3.180000      -3.530000      -3.580000      -3.370000      -3.700000      -3.660000      -3.630000      -2.990000    
 1908  -2.780000      -2.800000      -2.820000      -3.010000      0.7000000      0.7500000       1.820000       2.070000       2.260000       2.280000       2.210000       2.130000    
 1909   1.730000       1.360000      0.7300000       1.060000       1.560000       1.220000       1.560000     -0.2700000      -1.100000      -1.650000      -1.480000      -1.440000    
 1910  -1.260000      -1.590000      -1.710000      -1.840000      -1.910000      -1.300000      -1.650000     -0.9500000      -1.240000      -1.010000      -1.050000     -0.8400000    
 1911 -0.8700000     -0.7400000     -0.9300000      -1.050000      -1.260000      -1.900000      -2.390000      0.2400000      0.8299999      0.6900000      0.9100000      0.6900000    
 1912  0.7700000      0.9400000      0.7700000      0.7300000       1.110000     -0.5300000      -1.250000      -1.520000      -2.210000      0.3000000      0.3300000      0.5400000    
 1913  0.8400000      0.7700000      0.9500000      0.6300000      0.7800000       1.050000      0.9900000      -1.070000      -1.190000      0.6600000      0.6400000       1.000000    
 1914  0.9900001       1.260000       1.720000       2.620000       2.410000     -0.9999998E-02 -0.7900000     -0.5100000     -0.5400001      -1.060000     -0.9900000      -1.300000    
 1915  -1.210000      -1.260000      0.1800000      0.3900000      0.6200000      0.9300001       1.580000       2.130000       2.440000       2.420000       2.240000       2.860000    
 1916   2.510000       2.000000       1.520000       1.070000      0.8700000      0.5200000       1.620000       2.350000       2.530000       2.090000       1.810000       1.420000    
 1917   1.260000       1.400000       1.640000     -0.1500000     -0.4500000     -0.6399999      -1.110000      -1.520000      -1.610000      -2.270000      -2.500000      -2.820000    
 1918  0.5000000E-01 -0.8000000E-01  0.1100000     -0.1800000      0.6000000       1.160000      0.9800000      0.9800000       1.410000       1.150000       1.060000      0.6300000    
 1919  0.9800000       1.180000       1.210000     -0.3400000     -0.2500000     -0.9000000      -1.240000      0.1500000      0.2800000      0.3300000      0.5700001     -0.1000001E-01
 1920 -0.9999998E-02 -0.2000000     -0.5000000      -1.170000      -1.930000      -2.170000      -1.920000      -2.410000      -2.760000      -2.500000      -2.600000      -2.790000    
 1921  -2.390000      -2.290000      -2.170000      -2.450000      -3.020000      -3.090000     -0.4000000E-01 -0.7999999E-01  0.2300000      0.8100000      0.8800000      0.8500000    
 1922  0.5500000      0.4500000       1.050000      0.9599999       1.570000       1.960000     -0.4300000     -0.4900000     -0.7000000     -0.4700000     -0.4400000     -0.5000000    
 1923 -0.6200000       0.000000      0.4000001E-01  0.4800000      0.7500000     -0.2900000     -0.1800000     -0.3700000     -0.8400000      -1.040000      -1.050000      -1.190000    
 1924  -1.200000      -1.330000      0.2100000      0.2900000     -0.7000000E-01 -0.4700000      0.6700001      0.7700000      0.9000000      0.7300000      0.9500000      0.8300000    
 1925   1.040000       1.110000       2.150000       1.640000       2.350000       2.370000       1.560000      0.5400001      0.7399999      0.8200001       1.460000       2.080000    
 1926   1.810000       1.450000       1.740000       2.380000       2.590000       3.210000       3.750000       4.440000       4.290000       4.300000       4.310000       4.560000    
 1927   3.990000       3.350000       3.190000       3.350000       3.730000       3.540000       4.100000       3.510000       3.630000       5.060000       4.790000       4.370000    
 1928   3.910000       3.360000       2.830000       2.590000       2.340000       2.760000       3.480000       3.740000       3.350000       3.900000       4.060000       3.210000    
 1929   2.430000       2.200000       2.600000       2.850000       2.720000       2.980000     -0.6500000      -1.630000      -1.450000      -1.550000      -1.690000      -2.060000    
 1930  -2.060000      0.7999999E-01  0.2800000      0.9000000E-01  0.1500000      0.4300000      0.2900000      0.1600000      0.1400000      0.7999999E-01  0.4000001E-01  0.4300000    
 1931 -0.3800000     -0.7300000     -0.9999999      -1.240000      -1.880000      -2.300000      -2.880000       1.460000       1.460000       1.630000       1.570000       1.670000    
 1932   1.730000       1.910000       2.110000       1.770000       2.290000       1.710000       2.340000       1.600000       1.780000       1.780000       1.570000       1.910000    
 1933   1.580000       1.290000       1.090000       1.230000       1.430000     -0.1900000     -0.7200000      0.5300000     -0.6600000      -1.230000      -1.410000      -1.420000    
 1934  -1.490000     -0.9099999     -0.8100000     -0.8200001      -1.180000     -0.9700000      -1.560000      -2.130000      -1.710000      -1.760000      -2.020000      -2.190000    
 1935  -2.300000      -2.090000      -2.250000      0.5599999      0.8600000      0.6300001       1.100000       1.320000       1.700000     -0.4000001E-01 -0.3300000     -0.7100000    
 1936 -0.7300000     -0.6600000     -0.2600000     -0.4000000     -0.9500000      -1.870000      -2.470000      -3.460000      -3.440000      0.2400000      0.2800000      0.3800000    
 1937 -0.1500000     -0.6300000      0.1600000      0.2400000      0.7100000       1.440000       2.330000       2.210000     -0.7900001      -1.270000      -1.620000      0.3500000    
 1938  0.1600000      0.2800000      0.6000000      0.6700000      0.6500000      0.9900001     -0.1600000      -1.130000      -1.800000      0.4000000      0.9400000      0.6000000    
 1939  0.3800000      0.3900000      0.4899999      0.8900000       1.020000     -0.3900000      -1.340000      -1.340000     -0.9400001      -1.010000      -1.310000      -1.340000    
 1940  -1.410000     -0.4000001E-01  0.3900000      0.4100000      0.6900000      0.7200000     -0.2000000      -1.350000      -2.010000      -2.010000      -1.960000      0.1600000    
 1941 -0.1400000     -0.2100000      0.5300000       1.240000       2.820000       3.560000       3.450000       2.950000       2.640000       2.480000       1.970000       1.660000    
 1942   1.550000      0.8900000       1.140000       1.200000       1.370000       2.370000       2.270000       2.190000       3.370000       3.720000       3.650000       3.540000    
 1943   3.150000       2.500000       2.120000       1.940000       1.530000       2.400000       3.150000       4.900000       4.670000       4.030000       3.360000       3.060000    
 1944   2.680000       2.740000       2.640000     -0.1400000     -0.5700000     -0.8800000     -0.1100000     -0.3100000     -0.8700000      -1.390000      -1.950000      -2.720000    
 1945  -3.540000      -4.010000      -3.829999      0.6899999       1.730000       2.240000       2.900000       2.310000       3.280000       3.250000       2.840000       3.730000    
 1946   3.180000       3.380000       2.830000       2.850000       2.680000       1.890000       2.290000       2.490000       3.440000       4.530000       4.460000       3.750000    
 1947   3.190000       2.840000       3.210000       3.110000       3.760000       4.100000       4.360000       4.380000       3.620000       2.950000       2.890000       2.870000    
 1948   3.120000       2.690000       2.740000       2.670000     -0.8400000     -0.7600000      0.6200000     -0.2200000     -0.1300000     -0.6300000      -1.150000      -1.240000    
 1949  -1.430000     -0.8100000      -1.100000     -0.8800000     -0.8999999      -1.370000      -1.460000      -1.580000      -1.640000      -1.780000      -2.210000      -2.320000    
 1950  -2.160000      -2.160000      -2.170000      -2.220000      -2.310000      0.8000000E-01   1.410000       3.330000       4.550000       3.970000       4.050000     -0.7999998E-01
 1951 -0.3000000     -0.4900000     -0.3800000      -1.170000     -0.3700000      -1.380000      -1.670000      -1.800000      -1.780000      -1.860000      -2.220000      -2.360000    
 1952  -2.620000      -2.850000      -2.740000      -2.160000      -2.130000      -1.860000      -2.190000      -2.570000      -2.830000      -2.390000      -2.360000      -2.480000    
 1953  -2.130000      -1.500000      -1.320000      -1.810000      -1.290000      -1.620000      -2.230000      -3.090000      0.6999999       1.360000       2.040000       2.010000    
 1954 -0.2000000     -0.5700000     -0.7900000     -0.8100001     -0.6800000      -1.010000      -1.160000      -1.200000      -1.100000      -1.290000      -1.130000      -1.270000    
 1955  -1.420000     -0.9999999     -0.9899999      -1.380000      -1.480000      -2.000000      0.4800000       1.730000     -0.4000000     -0.9500000     -0.9000001     -0.4200000    
 1956 -0.3900000     -0.3700000     -0.6500000      0.5700000     -0.2600000     -0.9300000      0.2400000      0.1000000      0.3600000      0.7200000       1.410000       1.760000    
 1957   1.560000       1.100000       1.500000       1.390000      -1.270000      -2.020000      0.4400000      0.9400000      0.1100000      0.4600000      0.4200000      0.5600000    
 1958  0.6999999       1.120000     -0.1700000     -0.6300000      0.4500000      -1.290000      -2.150000      -2.570000      0.6300000      0.4700000      0.4300000      0.5500000    
 1959 -0.2900000     -0.2200000     -0.4500000     -0.7000001E-01 -0.5400000      0.5900000      0.2100000      0.8000001       1.640000       2.510000     -0.3400000     -0.3200000    
 1960 -0.3300000     -0.1400000     -0.6999999E-01 -0.3800000      0.5100000      0.5100001     -0.2100000     -0.3100000     -0.4800000     -0.1800000     -0.5900000     -0.3800000    
 1961 -0.2300000     -0.5700000      0.1000001E-01  0.7400000      0.9500000       1.320000       1.510000       1.190000       1.210000      0.8000001      0.9200000       1.130000    
 1962 -0.7999999E-01 -0.2600000     -0.3999999E-01 -0.5100000     -0.8800000      0.3300000      0.2000000      0.6100001      0.6100000      0.7400000      0.5600000      0.5800000    
 1963   1.290000      0.9400000       1.490000     -0.3100000      -1.000000      -1.500000      -1.710000      0.1600000      0.2200000      0.1300000      0.2100000      0.6100000    
 1964  0.8100000      0.4100000      0.1300000      0.3500000      0.2800000       1.140000      0.9000000       1.480000       1.170000       1.070000       1.280000       1.640000    
 1965   1.620000       1.580000       1.190000       1.230000       1.600000     -0.5000000      -1.130000     -0.8299999      -1.150000      -1.230000      0.2300000      0.1200000    
 1966  0.9000000E-01   1.510000       1.770000       1.360000       1.450000       1.650000     -0.1200000     -0.2900000     -0.7700000     -0.1000001E-01 -0.1300000     -0.5600000    
 1967 -0.6000000     -0.9300000      -1.250000      -1.710000      -1.870000      -1.920000       1.150000     -0.2500000      0.1800000     -0.5500000      -1.360000      -1.480000    
 1968  0.3700000      0.2500000      0.2200000      0.5599999      0.9200000       1.620000       2.380000     -0.7900000      -1.020000      -1.400000      0.2000000      0.4300000    
 1969 -0.5600000     -0.6400000      0.2000000E-01  0.7000000E-01  0.6500000       1.430000       2.430000       2.230000       1.440000       2.040000       2.210000       2.290000    
 1970   2.210000       1.630000       1.310000       1.660000       1.740000       1.600000       1.480000       3.040000       2.400000       2.350000       2.800000       2.340000    
 1971   2.290000       1.980000       2.080000       1.750000       1.680000       2.100000       2.700000       3.180000       2.120000       2.760000       2.850000       3.000000    
 1972 -0.7000000E-01 -0.2400000      0.6000000E-01  0.1900000     -0.5100000     -0.1500000     -0.2100000      -1.400000      0.1800000      0.2000000      0.7000000      0.6800000    
 1973  0.7800000     -0.9000002E-01 -0.1600000     -0.7600000      -1.910000      -1.870000      0.3900000      0.3400000       1.140000       1.060000       1.300000       1.400000    
 1974 -0.2300000     -0.5000001E-01 -0.9000000E-01 -0.1200000     -0.3300000     -0.2400000     -0.8400000      -1.270000      -2.170000      -2.590000      -2.680000      -3.460000    
 1975  -3.750000      -3.560000      -3.440000      -3.530000      -3.860000      -4.550000      -5.280000      -5.290000      -5.820000      -5.540000      -5.660000      -5.500000    
 1976  -4.610000      -4.350000      -4.600000      -4.740000      -4.909999      -5.119999      -4.050000      -3.800000      -4.040000      -4.090000      -4.090000      -4.420000    
 1977  -4.590000      0.2500000      0.3200000      0.7600000       1.020000       1.150000     -0.6399999     -0.7099999      -1.160000     -0.8699999      -1.060000     -0.8400000    
 1978 -0.8300000     -0.7600001      -1.120000      0.2700000      0.6000000      0.7400000       1.740000       2.310000       2.610000       2.700000       3.060000       3.280000    
 1979   3.320000       4.000000     -0.2700000     -0.2999999E-01 -0.2800000      0.2400000     -0.8000000E-01 -0.2500000     -0.3400000     -0.3300000     -0.7100000     -0.7900000    
 1980 -0.9200000      -1.150000     -0.2999999E-01  0.3700000      0.3100000      0.2000000      0.6700001      0.8100001       1.140000       1.330000       1.540000       1.560000    
 1981  0.9599999      0.4800000      0.9400000       1.210000       1.810000     -0.1600000     -0.9500000      -2.000000      -1.280000      -1.740000      -1.850000      -1.920000    
 1982  -1.490000      -1.450000      -1.490000      -1.380000      -1.570000      -1.170000      -1.680000      -1.750000      -1.750000      0.7100000      0.5500001      0.6400000    
 1983  0.8000000       1.240000       1.240000      0.9300001      0.9599999       1.950000       1.920000       2.290000       3.150000       2.850000       2.940000       2.860000    
 1984 -0.2400000     -0.7400000      -1.310000      -1.560000      -1.650000      0.3000000      0.4000000E-01  0.7700000       1.720000       3.010000       3.600000       2.820000    
 1985   2.570000       2.530000       1.650000       1.710000       1.300000       1.450000       2.620000     -0.3800000     -0.8000001     -0.8200001     -0.7700000      0.5700000    
 1986  0.5800000      0.8200000     -0.4200000     -0.9499999      0.1100000      0.6300001       1.140000       1.640000       2.600000       2.490000       2.590000       2.450000    
 1987   3.280000       3.000000       2.080000       2.810000       2.430000      0.9800000       1.140000      0.9100000       3.090000     -0.4500000     -0.4000000     -0.4600000    
 1988 -0.5900000      -1.060000      -1.550000     -0.8700000     -0.8700000      -1.620000      -1.990000      -2.640000      -2.050000      -2.260000      -1.860000      -1.590000    
 1989  -1.340000      -1.210000      -1.430000      -1.050000     -0.7300000      -1.440000      -2.300000      0.5000001      0.3000000      0.8300000      0.8400000       1.050000    
 1990   1.290000       1.160000       1.330000       1.560000       2.690000       3.970000       4.219999       3.940000       4.800000       5.400000       5.780000       5.030000    
 1991   4.690000       4.120000       4.320000     -0.7600000      -2.240000      -2.850000      0.7200000       1.360000       1.700000       1.080000       1.050000      0.9800000    
 1992   1.570000       1.450000       1.050000       1.700000       1.560000      0.9200000       1.640000       2.270000       1.270000       1.340000       1.470000       1.170000    
 1993   1.590000       1.230000      0.6700000      0.6999999       1.010000       1.070000       2.590000       3.560000       3.960000       3.850000       3.240000       2.910000    
 1994   2.460000       2.220000       1.750000       1.090000      0.4600000      0.9800000       2.800000       3.890000       3.330000       2.600000       2.970000       2.880000    
 1995 -0.3700000     -0.2000000     -0.2000000      -1.010000      -1.410000      -1.470000      -2.080000      -2.170000      -2.700000      -2.850000      -2.840000      -2.250000    
 1996  -2.300000      -2.290000      -2.750000      -2.730000      -3.020000      -3.000000      -2.800000      -3.060000      0.4900000      0.5100001     -0.5000000     -0.6200000    
 1997  0.4100000      0.5700000      0.9599999       1.190000       1.780000       1.810000       1.170000       2.070000       1.680000       1.590000       1.680000       2.080000    
 1998   1.890000       2.310000       1.600000       1.980000     -0.3500000     -0.3700000     -0.6500000     -0.8500000      -1.150000      0.5000000       1.350000       1.890000    
 1999   2.410000       2.170000       2.020000       1.410000       1.790000       1.570000      0.8400000      0.8900000       1.830000       1.760000       2.090000       2.470000    
 2000   2.720000       2.370000       1.960000       1.520000       2.530000       2.950000       2.430000       2.630000       2.590000       2.030000       1.490000       1.930000    
 2001   3.220000       3.270000       3.520000       2.440000       2.140000       2.500000       1.690000       1.730000       2.230000       3.150000       3.420000       2.730000    
 2002   2.780000       2.770000       2.760000       1.920000       2.390000       3.040000       2.170000       2.220000       1.980000       2.290000       3.200000       2.860000    
 2003   2.530000       2.220000       1.530000      0.9700000       1.150000       2.410000     -0.1300000     -0.1700000     -0.3700000     -0.9200000      -1.490000      -1.610000    
 2004  -1.890000      -1.980000      0.1100000      0.8800000      0.7000000      0.5200000      0.2800000      0.2600000      0.5100000       1.550000       2.090000       2.160000    
 2005   1.730000       1.170000       1.680000       1.130000      0.9400000       2.490000     -0.1900000     -0.5400000     -0.6200000      -1.520000      -2.330000      -2.680000    
 2006  -2.990000      -2.950000      0.3600000       1.070000       1.470000       1.400000       1.880000       1.330000       1.040000       1.060000       1.390000       1.700000    
 2007   2.030000       2.450000       1.760000       1.990000       3.260000       4.240000       4.530000     -0.1300000     -0.5400001      -1.290000      -1.610000      -1.950000    
 2008  -2.060000      0.5300000      0.6700000     -0.6400000     -0.3400000     -0.3000000     -0.8200000      0.2500000      0.8099999      0.5100001      0.7300000      0.5000000    
 2009  0.8000000      0.7000000      0.6200000      0.7800000     -0.4400000      -1.130000      0.2800000      0.8300000     -0.5000001     -0.6500000     -0.9599999     -0.8600001    
 2010 -0.5700001     -0.6300000     -0.5100000     -0.8000001      -1.340000      -1.850000      -2.700000      -2.840000      -3.250000      -3.730000      -3.320000      -2.740000    
 2011  -2.850000      -2.710000      -2.520000      -2.340000      -2.510000      -1.640000      -1.050000      -1.590000      -1.160000      -1.250000      -1.250000      -1.510000    
 2012  -1.760000      -2.040000      -1.540000      -1.260000      -1.530000      -1.670000      -2.480000      -2.520000      -2.450000      -2.410000      0.3500000      0.4100000    
 2013  0.4899999      0.2600000      0.6900000      0.7900000      0.7400000     -0.5500000     -0.7699999     -0.9300001      0.2000000E-01  0.1100000      0.4000001E-01  0.2600000    
 2014  0.4200000      0.6800000       1.050000       1.240000     -0.6000000      0.5999999E-01  0.5300000     -0.3000000E-01 -0.6500000      0.5500000      0.2600000      0.2900000    
 2015  0.4500000     -0.3700000     -0.8600001     -0.8400000     -0.8700000      0.1600000      0.9100000       1.970000       1.510000       2.270000       2.600000       3.070000    
 2016   2.880000       2.620000       2.320000       2.650000     -0.6900000     -0.9400000      -1.450000      -2.350000      0.4000000      0.2600000      0.6200000      0.7100000    
 2017  0.9700000       1.380000      0.8900000      0.7500000      0.8900000       1.950000       2.700000     -0.5999999E-01 -0.1200000     -0.3500000     -0.8500000      -1.300000    
 2018  -1.680000      -1.820000      0.2900000      0.3700000      0.5100000      0.8300000     -0.5199999     -0.4200000      -1.030000      -1.270000      -1.510000      -1.880000    
 2019  -1.960000      0.4300000      0.5300000     -0.2700000     -0.4400000     -0.6799999      0.9000000E-01  0.7100000      0.7800000      0.8500000      0.8900000      0.9900000    
 2020   1.100000       1.170000     -0.9000000E-01  0.1200000     -0.2700000     -0.7200000      -1.530000     -0.9400000     -0.7700000      -1.150000      -1.580000      -1.970000    
 2021  -1.770000      -1.240000      -1.260000      -1.410000      -2.500000      -3.240000      -3.010000      -4.000000      -3.990000      -4.100000      -4.210000      -3.960000    
 2022  -3.620000      -3.330000      -3.260000      -3.080000      -2.540000      -1.880000      -2.470000      -3.490000      -3.560000      -3.850000      -3.420000      -3.220000    
 2023  -3.110000      -2.900000      -2.710000      -3.040000      -4.140000      -4.960000      -4.900000      -4.950000      -5.080000      -4.470000      -3.760000      -3.120000    
