 1901   1.390000       1.570000       1.530000     -0.4200000     -0.6600001      -1.190000      -1.500000      -1.990000      -2.110000      -2.410000      0.1000000      0.3300000    
 1902  0.3000000      0.4600000      0.6100000      0.8400000      0.6000000      0.7099999      0.4800000      0.7400000      0.6600000       1.270000       1.230000       1.230000    
 1903   1.340000       1.510000       1.270000      0.8400000       1.570000     -0.3800000     -0.9299999      -1.020000      -1.250000      -1.160000      -1.080000      -1.400000    
 1904  -1.680000      -1.550000      -1.910000      -1.920000      -1.890000      -1.250000      -1.010000      -1.090000      -1.340000      -1.660000      -1.570000      -1.530000    
 1905  -1.730000      -1.710000      -1.910000      -1.880000      -2.100000      0.1500000      0.4800000      0.5300000       1.020000       1.340000       1.190000       1.140000    
 1906   1.090000      0.9100000       1.360000     -0.3800000      -1.000000      -1.360000      -1.740000      -1.940000      -1.690000      -1.780000      -1.950000      -2.150000    
 1907  -2.200000      -2.390000      -2.460000      -2.430000      -2.080000      -2.100000      -2.280000      -1.850000      -1.790000      -2.000000      -2.280000      -2.040000    
 1908  -2.020000      -2.010000      -2.200000      -2.410000      -2.030000      -2.060000      -2.270000      -1.960000      -1.950000      -1.840000      -1.770000      -1.890000    
 1909  -2.080000      -2.100000      -2.300000      -1.460000      -1.230000     -0.7599999     -0.5899999     -0.6300000      -1.160000      -1.710000      -1.280000     -0.9200001    
 1910 -0.8600000      -1.030000      -1.140000      -1.180000      -1.300000      -1.090000      -1.290000     -0.9100000      -1.280000      -1.220000      -1.370000      -1.220000    
 1911  -1.320000      -1.370000      -1.460000      -1.240000      -1.480000      -1.690000      -1.720000      -1.880000      -1.770000      -1.930000      -1.900000      -2.210000    
 1912  -2.150000      0.2200000      0.1800000      0.5500000       1.030000       1.230000     -0.1600000     -0.4000000     -0.7700000      0.3900000      0.6300000       1.180000    
 1913   1.480000       1.530000       2.260000       2.040000       2.450000       2.620000       3.200000       2.370000       1.990000       1.960000       2.180000       2.450000    
 1914   2.480000       2.820000       3.200000       3.350000       3.350000       3.010000       2.260000       3.400000       3.430000       2.970000       2.680000       2.490000    
 1915   3.030000       2.930000       3.240000       3.380000       3.480000       3.140000       3.040000       3.250000       3.040000       2.510000       2.300000       2.640000    
 1916   2.960000       2.630000       2.180000       2.290000       2.460000       2.330000       2.470000       2.980000       3.330000       3.160000       3.050000       3.120000    
 1917   3.280000       3.600000       3.950000     -0.1900000     -0.2100000     -0.3600000     -0.5600000     -0.7099999     -0.6600000      -1.220000      -1.090000      -1.200000    
 1918  0.2000000      0.1100000      0.2200000      0.9999990E-02  0.3800000      0.7700000      0.9700000       1.490000       2.280000       1.730000       1.470000       1.410000    
 1919   1.110000       1.530000       1.620000       1.690000       1.770000       1.700000       1.330000       1.440000       1.630000       1.780000       2.300000       2.350000    
 1920   2.910000       2.760000     -0.3000000E-01 -0.4600000     -0.8099999     -0.8600001      -1.080000      -1.650000      -1.950000      -2.030000      -2.390000      -2.870000    
 1921  -2.860000      -3.090000      -3.010000      -3.290000      -3.960000      -4.510000      -4.460000      -4.590000      -4.290000      -3.960000      -3.770000      -3.630000    
 1922  -3.830000      -3.829999      0.3900000      0.2900000      0.2300000      0.5899999      0.3200000      0.2100000      0.1200000      0.2000000      0.1400000      0.3100000    
 1923  0.1500000      0.1800000      0.4800000      0.7400000      0.8000001      0.6600000      0.5700000      0.6999999      0.3600000      0.7500000      0.8300000      0.8199999    
 1924 -0.3999999E-01 -0.2500000     -0.2300000     -0.3200000     -0.2600000     -0.5700000     -0.2100000     -0.2500000     -0.4800000     -0.6800001     -0.7399999     -0.9600000    
 1925  -1.030000      -1.040000      0.2800000      0.2200000      0.3400000      0.7700000      0.2200000      0.5000001E-01  0.5899999       1.280000       1.730000       2.390000    
 1926   2.600000       2.420000       2.690000       3.040000       2.720000       2.930000       3.550000       4.160000       4.360000       5.120000       5.120000       5.480000    
 1927   5.130001       5.070000       4.610000       4.400000       4.130000       3.570000       3.300000       2.990000       2.820000       3.120000       2.780000       2.510000    
 1928   2.300000       2.290000       1.830000       1.800000       1.990000       2.640000       2.780000       3.130000       3.020000       2.750000       2.780000       2.520000    
 1929   2.230000       2.000000       2.170000       2.360000       1.980000       2.320000       2.210000     -0.4600000     -0.2400000     -0.2400000     -0.2200000     -0.3100000    
 1930 -0.2900000      0.6000000E-01  0.4100000     -0.2400000     -0.5500000     -0.7500001      0.5800000      0.1300000      0.5400000      0.6400000       1.250000       1.290000    
 1931 -0.6000000E-01 -0.2600000     -0.3000000     -0.4100000     -0.4900000     -0.6200000      -1.200000      0.8099999      0.9800000       1.420000       1.090000       1.130000    
 1932   1.250000       1.070000       1.350000       1.460000       1.510000      0.9999990E-02  0.2000001E-01 -0.5200000     -0.6300000     -0.6800001     -0.8500000      -1.050000    
 1933  -1.350000      -1.600000      -1.820000      -1.630000      -1.380000      -1.420000      -1.780000      -1.710000      -2.070000      -2.380000      -2.310000      -2.570000    
 1934  -2.940000      -3.010000      -3.110000      -3.000000      -3.230000      -2.580000      -3.000000      -2.920000      -2.890000      -2.810000      -2.910000      -3.280000    
 1935  -3.750000      -3.990000      -3.920000      -3.619999      -3.570000      -3.520000      -2.570000      -2.280000      -1.980000      -2.150000      -2.500000      -2.920000    
 1936  -3.280000      -3.610000      -3.910000      -3.750000      -3.970000      -4.539999      -4.570000      -4.930000      -4.600000      -3.830000      -3.490000      -3.630000    
 1937  -3.930000      -4.110000      -3.980000      -4.260000      -3.120000      -2.940000      -2.840000      -2.830000      -3.000000      -3.320000      -3.700000      -3.520000    
 1938  -3.660000      -3.770000      -3.650000      -3.200000      -3.090000      -2.980000      -3.550000      -4.100000      -4.650000      -4.000000      -3.520000      -3.680000    
 1939  -3.730000      -3.710000      -3.530000      -2.640000      -2.550000      -2.920000      -3.170000      -3.550000      -3.070000      -2.690000      -2.800000      -2.820000    
 1940  -2.990000      -3.190000      -3.000000      -2.620000      -2.730000      -2.590000      -2.550000      -3.100000      -2.990000      -3.240000      -2.920000      -2.890000    
 1941  -3.070000      -2.950000      -2.830000      0.9800000       2.160000       2.610000       2.290000       2.790000       3.090000       3.610000       3.520000       3.950000    
 1942   3.890000       3.380000       3.170000       2.760000       3.010000       3.260000       3.780000       3.270000       2.660000       2.900000       2.500000       2.470000    
 1943   2.300000       1.980000       1.780000       2.160000       2.340000       2.270000       2.630000       3.040000       2.460000       1.760000       1.510000       1.380000    
 1944   1.420000       1.300000       1.800000       1.730000       2.120000       2.180000       2.780000       3.030000     -0.2900000     -0.5899999     -0.6600000      -1.020000    
 1945  -1.380000      -1.850000      -1.880000      0.9999999E-01  0.5600000      0.6700000      0.7900000       1.020000       1.290000       1.430000       1.120000       1.160000    
 1946  0.9800000       1.240000       1.070000       1.020000       1.010000      0.5800000       1.550000       1.380000       1.890000       2.220000       2.060000       1.760000    
 1947   1.750000       2.010000       2.430000       2.540000       2.920000       2.890000       2.630000       2.520000       1.960000       2.300000       2.440000       2.750000    
 1948   3.020000       3.040000       3.030000       2.730000       2.150000       1.660000       1.830000       1.960000       2.090000       2.060000       2.420000       2.280000    
 1949   1.940000       1.730000       1.280000       1.250000       1.210000      0.9400000      0.6500000       1.490000     -0.3000000     -0.4100000     -0.6000000     -0.7100000    
 1950 -0.9499999     -0.9800000      -1.000000      -1.390000      -1.660000      -1.660000      0.2100000       1.080000       1.570000     -0.3000000E-01 -0.1600000     -0.2800000    
 1951 -0.2300000     -0.4699999     -0.3200000     -0.4000000      0.9700000     -0.4900000     -0.6300001      -1.310000      -1.490000      -1.700000      -1.900000      -2.160000    
 1952  -2.570000      -2.980000      -2.880000      -2.630000      -2.340000      -2.260000      -2.160000      -2.120000      -2.280000      0.3300000      0.3300000      0.1300000    
 1953  0.1000000      0.2000000      0.2200000      0.2700000       1.040000      0.8199999      0.7300000      0.8900000       1.000000       0.000000      0.9999990E-02 -0.2000001E-01
 1954 -0.1600000     -0.2100000     -0.3600000      0.3700000      0.6000000      0.4800000      0.6300000      0.5300000       1.090000       1.340000       1.100000      0.9100000    
 1955   1.520000       2.780000       2.640000       2.200000       2.500000     -0.5000001E-01 -0.9000000E-01 -0.3800000     -0.6999999     -0.9100000      -1.150000      -1.080000    
 1956 -0.9699999      -1.130000      -1.360000      -1.430000      -1.210000      -1.820000      0.5800000      0.8099999       1.120000       1.440000       1.910000       2.300000    
 1957   2.530000       2.650000       3.050000       0.000000     -0.4200000     -0.6100000     -0.9500000     -0.6100000      -1.020000      -1.030000      -1.330000      -1.420000    
 1958  -1.490000      0.4900000      0.3600000      0.1700000      0.4200000      0.4000000      0.2000000      0.2500000      0.5100000     -0.2700000     -0.4000000     -0.1900000    
 1959 -0.2000000     -0.3400000     -0.6100000     -0.6700001     -0.9299999     -0.9700001      -1.170000      0.2400000      0.6300000      0.8600000     -0.4100000     -0.7300000    
 1960 -0.8200001     -0.5400000     -0.5799999     -0.6999999     -0.9399999     -0.5500000     -0.7400001     -0.5200000     -0.5400000     -0.3600000     -0.7300000     -0.8600000    
 1961  -1.030000      -1.200000      0.9900000       1.830000       1.980000       1.630000       1.800000       2.140000       2.280000     -0.4900000     -0.6400000     -0.6200000    
 1962 -0.5200000     -0.6900001     -0.4800000     -0.6100000      0.3000000E-01  0.5100000      0.6500000       1.640000       1.560000     -0.7000002E-01 -0.3000000     -0.1700000    
 1963 -0.1100000     -0.1900000     -0.9999990E-02 -0.1100000     -0.3500000      0.4300000      0.2400000      0.3200000      0.1100000      0.2400000      0.7100000      0.8700000    
 1964   1.180000       1.080000      0.9000000      0.9400000       1.010000       1.150000       1.020000       1.200000     -0.2400000     -0.5299999      0.3300000      0.6900001    
 1965  0.9400000       1.230000      0.9900000      0.9200000       1.750000       1.570000       1.300000       1.490000       1.150000       1.280000       1.220000       1.250000    
 1966   1.270000       2.240000       2.130000     -0.1100000     -0.1900000     -0.3300000     -0.5500000     -0.5700001     -0.4500000     -0.2500000     -0.4200000     -0.8000001    
 1967 -0.8299999     -0.9800000      -1.260000      -1.380000      -1.780000      -2.020000      -1.870000      -2.140000      -1.940000      -2.150000       0.000000      0.2400000    
 1968  0.3100000      0.3100000      0.6999999      0.7900000      0.8300000      0.8500000       1.110000     -0.3000000     -0.3000000     -0.1800000     -0.2200000     -0.1100000    
 1969 -0.4600000     -0.8000001     -0.6700001     -0.8500000     -0.6500000     -0.3700000     -0.1400000     -0.3600000     -0.5900000      0.3000000      0.3200000      0.3000000    
 1970  0.3500000      0.5600000      0.5400000       1.360000       1.220000       1.260000      0.9900000       1.670000       1.660000       1.630000       1.960000       1.600000    
 1971   1.920000       1.770000       1.620000       1.570000       1.670000       1.880000       2.430000       2.290000       1.620000       2.180000       2.710000       2.960000    
 1972   2.860000       2.460000       2.320000       2.340000     -0.1900000     -0.2300000     -0.9000000      -1.840000      -1.450000      -1.450000     -0.7600001     -0.8900000    
 1973  -1.040000     -0.8600000     -0.9700000      -1.260000      -1.510000      -2.070000      0.4100000      0.4000002E-01  0.9000000       1.520000       1.670000       1.910000    
 1974   1.730000       1.780000       1.620000       2.190000       2.460000       2.770000       2.900000      0.9999990E-02 -0.6200000     -0.8800000      -1.060000      -1.500000    
 1975  -1.770000      -1.900000      -1.970000      -2.280000      -2.840000      -3.400000      -3.390000      -3.190000      -3.510000      -3.650000      -3.970000      -4.010000    
 1976  -3.700000      -3.810000      -4.050000      -3.990000      -3.760000      0.7600000       1.100000       2.080000     -0.2700000     -0.4400000     -0.5300000     -0.7100000    
 1977  -1.060000     -0.9500000     -0.8600000     -0.9500000      -1.170000      0.8400000       1.060000      0.8400000      0.7800000       1.070000       1.080000       1.250000    
 1978   1.260000       1.370000       1.290000       1.120000       1.770000       3.170000       3.980000       3.820000       4.580000       5.090000       5.150001       5.469999    
 1979   6.090001       6.070000       5.390000       5.240000       4.300000       3.900000       4.430000       3.720000       3.650000       3.170000       2.810000       2.870000    
 1980   2.630000       2.310000       2.030000       1.910000       1.690000       1.710000       1.840000       2.740000       2.880000       2.550000       2.740000       3.060000    
 1981   3.260000       3.080000       3.220000       3.230000     -0.2500000     -0.6100000      -1.120000      -1.340000     -0.6400000     -0.6999999     -0.8500000     -0.9200001    
 1982 -0.8699999      -1.060000      -1.070000      0.6700000       1.120000       1.390000       1.190000       1.090000       1.200000       1.190000       1.140000       1.010000    
 1983   1.040000       1.270000       1.330000       1.280000       1.750000       2.690000       3.030000       3.130000       3.080000       2.980000       3.300000       3.050000    
 1984   3.010000       2.480000       1.880000       1.410000      0.6500000      0.8500000      0.6900001       1.310000       1.340000       1.620000       1.640000       1.300000    
 1985   1.540000       1.730000       1.360000       1.510000       1.400000       2.110000       2.780000       2.350000       2.550000       2.420000       2.580000       3.230000    
 1986   3.600000       3.350000       2.850000       2.270000       1.930000       2.230000       2.130000       2.070000       2.490000       2.400000       2.430000       2.450000    
 1987   2.570000       2.460000       1.900000       2.150000       1.990000       1.350000       2.480000       2.710000       3.420000     -0.4800000     -0.5900000     -0.4599999    
 1988 -0.5700000     -0.6800001     -0.6700001     -0.3100000     -0.5000000     -0.6600000      -1.060000      0.2900000      0.5000000     -0.4800000     -0.6500000     -0.7200000    
 1989 -0.8699999     -0.9900000     -0.9000001     -0.8300000      0.6200000      0.3800000       1.150000     -0.3999999E-01 -0.5000000       1.220000       1.290000       2.060000    
 1990   2.440000       2.740000       2.900000       2.630000       2.720000       3.180000       3.310000       3.620000       4.160000       4.570001       5.190001       5.010000    
 1991   4.980000       4.850000       4.540000       4.080000       3.570000       3.110000       2.720000       3.010000       2.870000       2.580000       2.220000       1.880000    
 1992   1.880000       1.740000       1.430000       1.810000       1.650000       1.230000       1.340000       1.150000      0.5000000       1.060000       1.410000     -0.2200000    
 1993 -0.8000001E-01 -0.1500000     -0.2400000      0.2400000     -0.3100000      0.5100000      0.6200000      0.6300000       1.580000       1.440000      0.9899999       1.120000    
 1994   1.190000       1.030000       1.000000      0.5200000      0.8400000       1.270000       1.840000       2.380000       1.850000       1.720000       2.050000       1.930000    
 1995   1.900000       2.370000       2.360000     -0.4600000     -0.7900000      -1.240000      -1.180000     -0.9500000      -1.280000      -1.410000      -1.000000      -1.030000    
 1996  -1.380000      -1.630000      -2.000000      -2.150000      -2.520000      -2.240000      -2.550000      -3.010000      -2.870000      -2.990000      -3.100000      -3.430000    
 1997  -3.560000      -3.579999      -3.560000      0.6000000      0.9500000       1.590000       1.250000       1.040000       1.270000       1.750000       1.570000       1.670000    
 1998   1.590000       1.820000       1.680000       1.830000       1.640000       1.040000      0.9400000       1.020000      0.8399999      0.7500000       1.010000       1.160000    
 1999   1.530000       2.030000     -0.2600000     -0.6399999     -0.2100000     -0.6200000     -0.9200000       1.130000       1.550000       1.200000       1.320000       1.350000    
 2000   1.470000       1.610000       1.440000      0.9900000       1.130000       2.130000       1.910000       2.550000       2.680000       2.140000       1.650000       1.730000    
 2001   2.040000       2.580000       2.920000       2.120000       2.600000       2.770000       1.920000       2.150000       1.880000       2.390000       2.590000       2.620000    
 2002   2.790000       3.070000       2.990000       2.430000       2.270000       2.150000       1.490000       1.090000       1.180000       1.770000       2.410000       2.300000    
 2003   2.500000       2.140000       1.710000       1.310000       1.160000       2.090000       2.130000       2.620000       2.160000       1.820000       1.400000       1.220000    
 2004   1.180000       1.030000       1.230000       1.360000       1.380000       1.760000       2.230000       1.930000       1.880000       1.820000       1.770000       1.890000    
 2005   1.770000       1.740000       2.160000       1.900000       1.520000       2.450000       2.900000     -0.3000000     -0.4500000     -0.8299999      -1.210000      -1.080000    
 2006  -1.310000      -1.330000      0.4800000      0.6900000       1.120000      0.8300000       1.030000       1.390000       1.170000       1.170000       1.560000       1.760000    
 2007   2.460000       2.820000       2.490000       2.620000       2.620000       2.530000       3.640000       3.060000       3.010000       2.420000       2.210000       1.840000    
 2008   1.880000       2.030000       1.930000       1.260000       1.300000       1.870000       1.940000       2.090000       2.060000     -0.1700000      0.2000000     -0.2300000    
 2009 -0.2200000     -0.5000000     -0.5799999     -0.6500000     -0.8900000      -1.290000      -1.270000      -1.170000      -1.610000      -1.820000      -2.120000      -2.370000    
 2010  -2.460000      -2.660000      -2.530000      -2.760000      -3.090000      -3.810000      -4.680000      -4.990000      -5.040000      -4.910000      -4.630000      0.3800000    
 2011  0.4500000      0.3300000      0.7100000      0.6500000      0.5600000       1.410000       1.040000      0.5300000       1.580000       1.590000       1.610000       2.000000    
 2012   1.960000       1.790000       2.250000       2.280000       1.930000       1.560000       1.200000       1.610000       1.420000       1.370000       1.170000       1.380000    
 2013   1.280000      0.9200000       1.590000       1.480000       1.230000      0.6200000      0.7600000      0.6100000       1.490000       1.440000       1.030000       1.120000    
 2014   1.250000       1.450000     -0.1500000     -0.2400000     -0.6500000     -0.3600000     -0.7200000     -0.5400001     -0.7700000     -0.4300000     -0.6700000     -0.3400000    
 2015 -0.1800000     -0.2300000     -0.6700001      0.4100000      0.2400000       0.000000      0.7200000      0.6500000      0.1000000      0.3100000      0.7800000      0.9100000    
 2016   1.650000       2.190000       2.220000       2.310000     -0.2500000     -0.4600000     -0.8899999      -1.330000       1.000000      0.6800000      0.9600000      0.9299999    
 2017  0.9600000       1.320000       1.030000       1.210000       1.220000       1.660000       2.640000       2.260000       2.000000       2.130000       1.950000       2.260000    
 2018   2.400000       2.400000       2.480000       2.680000     -0.1200000     -0.3000000     -0.4700000     -0.8400000      -1.150000      -1.220000      -1.560000      -1.760000    
 2019  -1.940000      0.5000001E-01  0.5200000      0.1400000      0.3500000      0.1999998E-01  0.1400000      0.7300000     -0.1300000     -0.1900000     -0.5700000     -0.8400000    
 2020  -1.010000      -1.000000      -1.230000     -0.7800000     -0.6200000     -0.6600000     -0.6200001     -0.5899999     -0.8600000      -1.300000      -1.660000      -2.210000    
 2021  -2.330000      -2.220000      -2.400000      -2.360000      -2.720000      -3.160000      -3.260000      -3.880000      -3.560000      -3.970000      -3.790000      -3.870000    
 2022  -3.730000      -3.330000      -3.410000      0.6700000       1.110000       1.030000       1.100000      0.1900000      0.4200000      0.5300000       1.050000       1.500000    
 2023   1.440000       1.440000       1.460000     -0.5700000     -0.8499999      -1.290000      -1.490000      -1.980000      -2.420000      -1.820000      -1.040000       1.490000    
